8,9,
8,9,6,5,7,10,
8,9,6,5,4,
8,9,6,5,7,4,10,
7,8,
9,7,5,10,
9,
8,9,
10,
9,6,5,7,10,
9,6,7,10,
8,2,7,5,11,10,
7,9,
7,
10,
8,9,6,5,7,11,10,
7,9,
8,9,7,5,10,
9,
8,9,2,3,5,11,10,
8,9,3,6,5,7,4,11,10,
3,9,5,
6,
10,7,9,
7,10,
1,9,2,6,5,7,4,10,
7,8,10,
11,
11,
8,9,3,7,5,10,
8,9,2,7,5,10,
9,7,11,10,
8,9,2,3,7,5,10,
8,9,3,6,5,7,4,11,10,
8,9,7,10,
8,9,
7,3,10,
8,9,
10,7,9,
5,8,
8,9,7,11,10,
10,8,9,
8,2,6,5,7,
9,
1,8,9,3,7,4,10,
9,
8,9,2,3,6,5,7,4,11,10,
9,
6,7,10,
8,6,5,7,10,
8,9,3,6,5,7,4,11,10,
1,2,3,6,5,7,4,
9,6,5,4,11,
9,2,7,11,10,
8,
7,
5,
8,9,2,3,6,5,7,11,
2,3,6,5,4,11,
8,9,3,7,5,4,11,10,
8,9,6,5,
8,9,5,10,
8,3,6,5,7,4,11,10,
8,9,7,5,11,10,
8,
9,
6,8,11,
7,8,
8,9,6,5,7,4,
1,4,
5,
1,9,3,6,5,7,11,10,
2,3,6,5,4,
9,6,5,7,4,
5,8,
8,9,7,5,4,10,
6,
8,9,
4,11,6,
5,9,8,
